4294967279,524
4294967278,367
4294967278,336
4294967279,561
4294967279,71
4294967279,70
4294967279,69
4294967279,68
4294967279,157
4294967278,335
4294967279,156
4294967278,334
4294967278,153
4294967279,153
4294967278,152
4294967279,152
4294967278,151
4294967279,150
4294967278,149
4294967279,66
4294967278,148
4294967294,242
4294967294,241
4294967294,239
4294967294,238
4294967294,233
4294967294,222
4294967294,196
4294967294,194
4294967294,193
4294967294,192
4294967294,436
4294967294,60
4294967294,11
4294967294,68
4294967279,295
4294967278,366
4294967279,521
4294967278,365
4294967278,131
4294967278,130
4294967278,129
4294967278,128
4294967278,127
4294967278,126
4294967278,125
4294967278,124
4294967278,123
4294967278,122
4294967278,121
4294967278,120
4294967278,118
4294967278,117
4294967278,116
4294967278,115
4294967278,114
4294967278,113
4294967278,112
4294967278,111
4294967278,107
4294967278,105
4294967278,104
4294967278,103
4294967278,102
4294967278,100
4294967278,99
4294967278,98
4294967278,97
4294967278,95
4294967278,94
4294967278,92
4294967278,91
4294967278,90
4294967278,89
4294967278,87
4294967278,86
4294967278,85
4294967278,84
4294967278,83
4294967278,81
4294967278,80
4294967278,79
4294967278,78
4294967278,77
4294967278,76
4294967278,75
4294967278,74
4294967278,72
4294967278,71
4294967278,70
4294967278,69
4294967278,68
4294967278,67
4294967278,66
4294967278,65
4294967278,64
4294967278,63
4294967278,62
4294967278,61
4294967278,56
4294967278,55
4294967278,54
4294967278,53
4294967278,52
4294967278,51
4294967278,50
4294967278,49
4294967278,48
4294967278,47
4294967278,45
4294967278,44
4294967278,43
4294967278,42
4294967278,41
4294967278,40
4294967278,39
4294967278,38
4294967278,37
4294967278,36
4294967278,35
4294967278,34
4294967278,32
4294967278,31
4294967278,30
4294967278,29
4294967278,26
4294967278,25
4294967278,22
4294967278,21
4294967278,19
4294967278,15
4294967278,13
4294967278,12
4294967278,11
4294967278,263
4294967278,10
4294967278,9
4294967279,88
4294967279,174
4294967279,260
4294967279,517
4294967279,25
4294967279,23
4294967279,22
4294967279,19
4294967279,15
4294967279,13
4294967279,12
4294967279,11
4294967279,10
4294967279,9
4294967279,284
4294967279,8
4294967279,281
4294967278,33
4294967278,28
4294967278,293
4294967279,560
4294967278,23
4294967278,27
4294967278,292
49,5
49,4
4294967278,285
49,3
49,2
49,1
4294967278,24
4294967278,275
4294967279,24
4294967279,277
4294967278,290
4294967279,291
4294967279,20
4294967294,220
4294967279,21
4294967278,20
4294967278,18
4294967279,18
4294967278,8
4294967278,17
4294967279,17
4294967278,16
4294967278,281
4294967279,16
4294967278,267
4294967279,270
4294967278,14
4294967278,266
4294967279,14
4294967279,289
4294967279,267
4294967278,264
4294967278,261
4294967279,266
48,6
4294967278,286
48,5
4294967279,265
48,4
4294967278,262
48,3
48,2
48,1
4294967279,264
4294967278,7
4294967279,7
4294967279,262
4294967278,329
4294967279,6
4294967279,283
4294967278,277
4294967279,5
4294967278,328
4294967279,559
4294967279,4
4294967294,221
4294967294,248
4294967294,474
4294967278,132
4294967278,327
4294967279,518
4294967278,364
4294967279,558
4294967278,326
4294967279,515
4294967279,514
4294967278,255
4294967278,254
4294967279,254
4294967278,253
4294967279,557
4294967278,250
4294967279,248
4294967278,119
4294967278,246
4294967278,243
4294967279,244
4294967278,241
4294967279,241
4294967278,239
45,6
45,5
4294967278,235
45,4
4294967279,235
45,3
45,2
45,1
4294967279,234
4294967278,233
4294967279,232
4294967278,110
4294967278,230
4294967278,101
4294967294,81
4294967294,50
4294967278,109
4294967278,228
4294967278,108
4294967278,226
4294967279,225
4294967278,223
4294967279,223
4294967278,106
4294967278,221
4294967278,222
4294967279,221
4294967278,213
4294967279,280
4294967278,323
4294967278,212
4294967279,317
4294967294,473
4294967279,208
4294967278,96
4294967278,208
4294967278,318
4294967279,315
4294967279,314
4294967278,207
42,6
4294967278,204
4294967294,392
4294967294,390
4294967279,207
4294967279,312
4294967278,93
4294967278,315
42,5
4294967294,89
4294967294,254
4294967294,185
4294967294,263
4294967294,212
4294967294,259
4294967294,182
4294967278,203
4294967278,202
42,4
42,3
42,2
42,1
4294967279,556
4294967278,201
4294967278,200
41,4
4294967278,198
41,3
41,2
41,1
4294967278,363
4294967278,197
4294967294,76
4294967294,41
4294967294,595
4294967294,1422
4294967294,1420
4294967294,270
4294967278,194
4294967279,555
4294967278,82
4294967278,313
4294967278,362
40,5
4294967278,193
4294967279,194
4294967278,192
40,4
40,3
40,2
40,1
4294967279,309
4294967278,191
4294967278,190
4294967294,42
4294967279,189
4294967278,189
4294967279,554
4294967279,553
4294967278,188
39,5
4294967294,205
4294967294,201
4294967278,73
